reynolds_number = 43380.657210791745
nozzle_radius = 0.3385898060393101
inlet_radius = 0.13102934036941105
inlet_length = 0.5241173614776442
vortex_length = 0.6771796120786202
vortex_radius = 0.4696191464087212
nozzle_length = 0.3385898060393101
inlet_velocity = 12.329193345939618
flow_coefficient = 0.15702072846658416
geometric_characteristic = 3.3387250237868678
