reynolds_number = 43284.79528983213
nozzle_radius = 0.33615027505974265
inlet_radius = 0.1313195282791788
inlet_length = 0.5252781131167152
vortex_length = 0.6723005501194853
vortex_radius = 0.46746980333892146
nozzle_length = 1.3446011002389706
inlet_velocity = 12.274763820829827
flow_coefficient = 0.15930807988358342
geometric_characteristic = 3.2762596884919155
