nozzle_length = 0.013446011002389706
inlet_length = 0.005252781131167152
vortex_length = 0.006723005501194853
vortex_radius = 0.004674698033389215
reynolds_number = 43284.79528983213
inlet_velocity = 12.274763820829827
inlet_radius = 0.001313195282791788
nozzle_radius = 0.0033615027505974264
flow_coefficient = 0.15930807988358342
geometric_characteristic = 3.2762596884919155
